00000000
00000000
00000000
00000000
00000000
00000000
00000000
00000000
00000000
00000000
00000000
00000000
00000000
00000000
00000000
00000000
00000000
00000000
00000000
00000000
00000000
00000000
00000000
00000000
00000000
00000000
00000000
00000000
00000000
00000000
00000000
000001f5
000001b5
00000000
000000ee
00000000
00000000
00000000
00000000
00000000
00000000
00000000
00000000
00000000
00000000
00000000
00000000
00000000
00000000
00000000
00000000
00000000
00000000
00000000
00000000
00000000
00000000
00000000
0000010e
0000010e
00000000
00000000
00000000
00000000
00000000
00000000
00000000
00000000
00000000
00000000
00000000
00000000
00000000
00000000
00000000
00000000
00000033
00000033
00000000
00000033
00000033
00000000
00000000
00000000
00000000
0000030e
00000285
00000000
0000030e
00000285
00000000
00000000
00000000
00000000
00000000
00000000
00000000
00000000
00000000
00000000
00000000
00000000
00000000
000002ad
000002ad
00000000
000002ad
000002ad
00000000
00000000
00000000
00000000
00000000
00000000
00000000
00000000
00000000
00000000
00000000
00000000
00000000
00000000
00000000
00000000
00000000
00000000
00000000
00000000
00000000
00000000
000002a0
00000186
00000000
000002a0
00000186
00000000
00000000
00000000
00000000
00000000
00000000
00000000
00000000
00000000
00000000
00000000
00000000
00000000
00000169
00000169
00000000
00000000
00000000
00000000
00000000
00000000
00000000
00000000
00000000
00000000
00000000
00000000
00000000
00000000
00000000
00000000
000005c1
000005c1
00000000
000005c1
000005c1
00000000
00000000
00000000
00000000
00000000
00000000
00000000
00000000
00000000
00000000
00000000
00000000
00000000
0000019f
00000000
00000000
0000019f
00000000
00000000
00000000
00000000
00000000
00000012
00000012
00000000
00000012
00000012
00000000
00000000
00000000
00000000
000003d4
000003d4
00000000
00000323
00000323
00000000
00000000
00000000
00000000
0000019e
0000019e
00000000
00000036
00000036
00000000
00000000
00000000
00000000
00000000
00000000
00000000
00000000
00000000
00000000
00000000
00000000
00000000
00000000
00000000
00000000
00000000
00000000
00000000
00000000
00000000
00000000
00000000
00000000
00000000
00000000
00000000
00000000
00000000
00000000
00000000
00000000
00000000
00000000
00000000
00000000
00000000
00000000
00000000
00000000
00000232
0000007a
00000000
00000232
00000057
00000000
00000000
00000000
00000000
000000da
000000da
00000000
00000000
00000000
00000000
00000000
00000000
00000000
000000f7
000000f7
00000000
000000f7
000000f7
00000000
00000000
00000000
00000000
00000004
00000004
00000000
00000004
00000004
